0.09437500000000004 303.37912384625963 
0.10437500000000004 298.0916826138069 
0.11437500000000003 295.1921796034037 
0.12437500000000004 295.8782436660348 
0.13437500000000002 297.62662191162866 
0.14437500000000003 300.22391039265403 
0.15437500000000004 304.01545068509563 
0.16437500000000005 307.437373785205 
0.17437500000000003 309.4917575170795 
0.18437500000000004 313.06853357085964 
0.19437500000000005 316.19365674891714 
0.20437500000000003 318.794563836515 
0.21437500000000004 322.11135828512045 
0.22437500000000005 328.44470386965764 
0.23437500000000003 336.55570717053905 
0.24437500000000004 343.3800676177444 
0.254375 350.0540171183911 
0.264375 357.5685725295479 
0.27437500000000004 364.3723929738339 
0.28437500000000004 368.8022946209668 
0.29437500000000005 371.7590369685099 
0.30437500000000006 373.92689751392186 
0.314375 376.7180253761384 
0.324375 377.98914042993704 
0.33437500000000003 375.075920161775 
0.34437500000000004 374.1176034630815 
0.35437500000000005 372.8762921077889 
0.36437500000000006 362.58432970462127 
0.37437500000000007 283.8739588636737 
0.384375 285.2064701557512 
0.39437500000000003 283.85953623003456 
0.40437500000000004 278.4724659807348 
0.41437500000000005 276.63983031032444 
0.42437500000000006 276.9660289862019 
0.43437500000000007 277.88050732818925 
0.444375 280.00683697869465 
0.45437500000000003 277.71892216618744 
0.46437500000000004 265.6739637040203 
0.47437500000000005 254.95528219124154 
0.48437500000000006 263.2509429981549 
0.49437500000000006 272.5416680723158 
0.504375 294.2534761171209 
0.514375 303.93972209805014 
0.524375 314.49702458569965 
0.534375 317.12674053809087 
0.544375 317.2878936688721 
0.5543750000000001 315.49458881256453 
0.5643750000000001 310.8684060101455 
0.5743750000000001 303.5703879339633 
0.5843750000000001 298.9541586642589 
0.5943750000000001 297.2607286088935 
0.604375 294.5825292837453 
0.614375 292.4699014280434 
0.624375 285.62024618943866 
0.634375 273.1355222890347 
0.644375 269.0429609870477 
0.654375 266.00551212207563 
0.664375 263.41606322453947 
0.6743750000000001 261.2312517498241 
0.6843750000000001 255.97926578608977 
0.6943750000000001 252.87355816439825 
0.7043750000000001 255.82603008782112 
0.7143750000000001 261.81666477177987 
0.7243750000000001 271.9038810604985 
0.734375 277.50154438649594 
0.744375 287.0254249239748 
0.754375 294.68009255815775 
0.764375 304.10704187347267 
0.774375 318.0991601621462 
0.784375 329.01106444062344 
0.794375 349.79841975681234 
0.8043750000000001 359.9707394570495 
0.8143750000000001 368.2485211526675 
0.8243750000000001 375.79691893513785 
0.8343750000000001 383.5200491370609 
0.8443750000000001 391.7538373267328 
0.8543750000000001 399.52826572200524 
0.864375 406.89339971963 
0.874375 415.87744439653056 
0.884375 421.58120920339996 
0.894375 422.963502905527 
0.904375 416.9732671025229 
0.914375 409.0666896317495 
0.9243750000000001 393.7453811344781 
0.9343750000000001 389.8118733573726 
0.9443750000000001 405.91638458159156 
